13.897229
13.896295
13.894393
13.891574
13.887897
13.883431
13.878184
13.872245
13.865631
13.858395
13.850588
13.842226
13.833344
13.823984
13.814166
13.803918
13.793259
13.782206
13.770786
13.758997
13.746863
13.734382
13.721591
13.708489
13.695091
13.681394
13.667417
13.653155
13.638633
13.623839
13.6088085
13.59351
13.577982
13.562209
13.546191
13.529976
13.513528
13.4968605
13.4799795
13.4628725
13.445583
13.428068
13.410366
13.392465
13.374382
13.356117
13.337675
13.319034
13.300228
13.281255
13.262111
13.242787
13.22332
13.203681
13.183895
13.1639595
13.143862
13.123666
13.103326
13.082837
13.062194
13.041415
13.020505
12.999464
12.978301
12.957008
12.935591
12.914069
12.892463
12.870744
12.848904
12.82697
12.804941
12.782791
12.760571
12.738299
12.715964
12.6935425
12.671108
12.648591
12.626037
12.603413
12.580771
12.558071
12.535336
12.512568
12.489762
12.466989
12.444281
12.4215555
12.398914
12.376321
12.353773
12.331246
12.308821
12.286509
12.264298
12.242197
12.220288
12.198516
12.176882
12.155385
12.134047
12.112818
12.091801
12.070914
12.05016
12.029549
12.009037
11.988623
11.968323
11.948178
11.928199
11.908307
11.888581
11.868954
11.849402
11.8299465
11.810652
11.791425
11.772326
11.753277
11.734454
11.715675
11.697016
11.678404
11.659872
11.641458
11.62317
11.604897
11.586754
11.568756
11.550885
11.533093
11.515334
11.497715
11.480162
11.462749
11.445429
11.428216
11.411084
11.394058
11.377119
11.360239
11.34345
11.326754
11.310237
11.29387
11.277596
11.261427
11.245359
11.2293825
11.21355
11.197919
11.182418
11.166993
11.151667
11.136483
11.121408
11.10648
11.091658
11.076903
11.062278
11.047854
11.033557
11.019421
11.005422
10.991525
10.977793
10.96423
10.950824
10.937574
10.924523
10.911599
10.898856
10.886325
10.873895
10.861726
10.849714
10.837998
10.826417
10.815134
10.8038845
10.792829
10.781999
10.771382
10.760942
10.750684
10.740642
10.730871
10.721313
10.712029
10.703072
10.694407
10.686018
10.678037
10.670206
10.662651
10.655346
10.648282
