13.882666
13.824846
13.728026
13.600266
13.441781
13.257929
13.05058
12.822868
12.58036
12.317343
12.04347
11.761879
11.478082
11.181829
10.88597
10.599084
10.3069515
10.019131
9.7462845
9.473933
9.220919
8.985232
8.761871
8.542909
8.3575945
8.160239
7.974289
7.7943215
7.6348615
7.4787946
7.333121
7.192147
7.058268
6.9442315
6.804104
6.690117
6.578053
6.4953833
6.3883176
6.313074
6.220749
6.1179223
6.0569615
5.993072
5.909979
5.842632
5.795205
5.7242966
5.6757417
5.617331
5.5750785
5.5224123
5.497205
5.46311
5.4070807
5.378968
5.349503
5.315666
5.275128
5.2566757
5.238631
5.2243357
5.1943994
5.1778536
5.1681566
5.1529107
5.112664
5.1160617
5.1014953
5.082392
5.076957
5.047986
5.0400825
5.0427747
5.0341845
5.0112734
5.010557
4.9967504
4.994058
4.9967065
4.9852686
4.9866943
4.976737
4.949896
4.945134
4.938269
4.9330235
4.93363
4.9431195
4.9165306
4.9239707
4.920077
4.9313006
4.9104424
4.9010167
4.890536
4.891889
4.8839464
4.89289
4.878977
4.896742
4.879263
4.8635936
4.8698277
4.8614726
4.8703136
4.8610463
4.8320785
4.844892
4.8351398
4.830897
4.823919
4.8277903
4.8316665
4.8326054
4.8302684
4.8070693
4.7980423
4.797323
4.8172874
4.798757
4.799529
4.800316
4.796104
4.7928543
4.7813053
4.781183
4.7879763
4.7820473
4.7756376
4.7684827
4.7763715
4.757756
4.7603397
4.7633395
4.7602925
4.763539
4.757532
4.7488685
4.761053
4.7407327
4.755181
4.7339406
4.7363157
4.7265
4.735172
4.725824
4.7308536
4.7233553
4.7265778
4.7227383
4.720468
4.7296386
4.7214303
4.7083907
4.7027235
4.705308
4.7119527
4.709889
4.7131047
4.6937876
4.69258
4.705989
4.6892023
4.7056518
4.693679
4.6869636
4.687557
4.691588
4.675681
4.6827893
4.6853614
4.686008
4.6701508
4.6757603
4.672259
4.6701584
4.6633706
4.681986
4.6650124
4.6703925
4.652393
4.66139
4.651462
4.649458
4.64714
4.6476865
4.6450715
4.6419716
4.653729
4.643031
4.648758
4.651014
4.6311097
4.646956
4.6459923
4.646221
4.638743
4.6341677
4.6482797
4.627991
4.643793
4.6338925
4.6229916
4.623529
4.62329
4.617954
4.628259
4.618047
4.6180468
4.6207056
4.6165338
4.60943
4.613976
4.6175036
4.6042266
4.6109967
4.6064844
4.598995
4.60196
4.614925
4.5959153
4.5983567
4.599666
4.5930963
4.606012
4.6005983
4.597215
4.6030164
4.606842
4.5896544
4.5867033
4.588021
4.5814004
4.5857997
4.58905
4.5809703
4.5726604
4.5721965
4.572009
4.580682
4.5693107
4.573265
4.5788293
4.5746684
4.567627
4.57195
4.577256
4.5846915
4.579757
